"TOA5","DanaFrkBug","CR800","15297","CR800.Std.11","CPU:DanaFk_downloaded_20210707.cr8","13686","T15min"
"TIMESTAMP","RECORD","BattV","Lvl_ft","Temp_C","Observed","Lvl_ft_corr","Offset"
"TS","RN","Volts","feet","deg C","","feet",""
"","","Smp","Smp","Smp","Smp","Smp","Smp"
"2023-08-08 15:30:00",302441,13.21,1.303,14.16,1,1.553,0.25
"2023-08-08 15:45:00",302442,13.22,1.24,14.34,1,1.489,0.25
"2023-08-08 16:00:00",302443,13.21,1.238,14.49,1,1.488,0.25
"2023-08-08 16:15:00",302444,13.22,1.236,14.63,1,1.486,0.25
"2023-08-08 16:30:00",302445,13.22,1.237,14.76,1,1.487,0.25
"2023-08-08 16:45:00",302446,13.18,1.231,14.86,1,1.481,0.25
"2023-08-08 17:00:00",302447,13.16,1.232,14.94,1,1.481,0.25
"2023-08-08 17:15:00",302448,13.17,1.23,14.99,1,1.48,0.25
"2023-08-08 17:30:00",302449,13.21,1.229,15.03,1,1.478,0.25
"2023-08-08 17:45:00",302450,13.22,1.227,15.04,1,1.476,0.25
"2023-08-08 18:00:00",302451,13.15,1.228,15.04,1,1.478,0.25
"2023-08-08 18:15:00",302452,12.99,1.226,15.02,1,1.476,0.25
"2023-08-08 18:30:00",302453,12.92,1.228,15,1,1.478,0.25
"2023-08-08 18:45:00",302454,12.87,1.227,14.96,1,1.476,0.25
"2023-08-08 19:00:00",302455,12.83,1.228,14.93,1,1.478,0.25
"2023-08-08 19:15:00",302456,12.8,1.226,14.9,1,1.475,0.25
"2023-08-08 19:30:00",302457,12.78,1.228,14.86,1,1.478,0.25
"2023-08-08 19:45:00",302458,12.76,1.226,14.83,1,1.476,0.25
"2023-08-08 20:00:00",302459,12.75,1.228,14.78,1,1.477,0.25
"2023-08-08 20:15:00",302460,12.74,1.229,14.73,1,1.478,0.25
"2023-08-08 20:30:00",302461,12.73,1.23,14.67,1,1.479,0.25
"2023-08-08 20:45:00",302462,12.72,1.231,14.6,1,1.481,0.25
"2023-08-08 21:00:00",302463,12.71,1.232,14.53,1,1.482,0.25
"2023-08-08 21:15:00",302464,12.7,1.234,14.45,1,1.484,0.25
"2023-08-08 21:30:00",302465,12.7,1.233,14.36,1,1.482,0.25
"2023-08-08 21:45:00",302466,12.69,1.237,14.27,1,1.487,0.25
"2023-08-08 22:00:00",302467,12.68,1.239,14.17,1,1.488,0.25
"2023-08-08 22:15:00",302468,12.67,1.242,14.06,1,1.492,0.25
"2023-08-08 22:30:00",302469,12.66,1.242,13.94,1,1.492,0.25
"2023-08-08 22:45:00",302470,12.65,1.246,13.81,1,1.495,0.25
"2023-08-08 23:00:00",302471,12.64,1.245,13.68,1,1.494,0.25
"2023-08-08 23:15:00",302472,12.63,1.25,13.54,1,1.5,0.25
"2023-08-08 23:30:00",302473,12.63,1.25,13.4,1,1.5,0.25
"2023-08-08 23:45:00",302474,12.62,1.253,13.25,1,1.503,0.25
"2023-08-09 00:00:00",302475,12.61,1.254,13.11,1,1.503,0.25
"2023-08-09 00:15:00",302476,12.6,1.253,12.96,1,1.503,0.25
"2023-08-09 00:30:00",302477,12.6,1.254,12.81,1,1.504,0.25
"2023-08-09 00:45:00",302478,12.59,1.256,12.66,1,1.506,0.25
"2023-08-09 01:00:00",302479,12.59,1.254,12.51,1,1.504,0.25
"2023-08-09 01:15:00",302480,12.58,1.254,12.36,1,1.504,0.25
"2023-08-09 01:30:00",302481,12.57,1.256,12.21,1,1.505,0.25
"2023-08-09 01:45:00",302482,12.56,1.26,12.05,1,1.51,0.25
"2023-08-09 02:00:00",302483,12.56,1.257,11.9,1,1.507,0.25
"2023-08-09 02:15:00",302484,12.55,1.26,11.75,1,1.51,0.25
"2023-08-09 02:30:00",302485,12.55,1.258,11.59,1,1.508,0.25
"2023-08-09 02:45:00",302486,12.54,1.255,11.44,1,1.505,0.25
"2023-08-09 03:00:00",302487,12.54,1.255,11.29,1,1.505,0.25
"2023-08-09 03:15:00",302488,12.53,1.26,11.14,1,1.51,0.25
"2023-08-09 03:30:00",302489,12.53,1.258,10.99,1,1.508,0.25
"2023-08-09 03:45:00",302490,12.53,1.26,10.84,1,1.51,0.25
"2023-08-09 04:00:00",302491,12.53,1.258,10.68,1,1.507,0.25
"2023-08-09 04:15:00",302492,12.52,1.257,10.53,1,1.507,0.25
"2023-08-09 04:30:00",302493,12.51,1.254,10.38,1,1.504,0.25
"2023-08-09 04:45:00",302494,12.51,1.253,10.24,1,1.503,0.25
"2023-08-09 05:00:00",302495,12.51,1.258,10.09,1,1.507,0.25
"2023-08-09 05:15:00",302496,12.51,1.255,9.95,1,1.505,0.25
"2023-08-09 05:30:00",302497,12.5,1.256,9.8,1,1.506,0.25
"2023-08-09 05:45:00",302498,12.5,1.257,9.66,1,1.507,0.25
"2023-08-09 06:00:00",302499,12.5,1.252,9.51,1,1.501,0.25
"2023-08-09 06:15:00",302500,12.49,1.258,9.36,1,1.508,0.25
"2023-08-09 06:30:00",302501,12.49,1.254,9.22,1,1.504,0.25
"2023-08-09 06:45:00",302502,12.49,1.253,9.08,1,1.503,0.25
"2023-08-09 07:00:00",302503,12.49,1.251,8.94,1,1.501,0.25
"2023-08-09 07:15:00",302504,12.48,1.253,8.81,1,1.503,0.25
"2023-08-09 07:30:00",302505,12.48,1.247,8.69,1,1.497,0.25
"2023-08-09 07:45:00",302506,12.49,1.252,8.57,1,1.501,0.25
"2023-08-09 08:00:00",302507,12.53,1.248,8.48,1,1.497,0.25
"2023-08-09 08:15:00",302508,12.57,1.251,8.4,1,1.501,0.25
"2023-08-09 08:30:00",302509,12.61,1.25,8.35,1,1.5,0.25
"2023-08-09 08:45:00",302510,12.67,1.25,8.31,1,1.5,0.25
"2023-08-09 09:00:00",302511,12.76,1.251,8.3,1,1.5,0.25
"2023-08-09 09:15:00",302512,12.89,1.25,8.3,1,1.5,0.25
"2023-08-09 09:30:00",302513,13.01,1.251,8.34,1,1.501,0.25
"2023-08-09 09:45:00",302514,13.12,1.249,8.4,1,1.498,0.25
"2023-08-09 10:00:00",302515,13.2,1.247,8.49,1,1.497,0.25
"2023-08-09 10:15:00",302516,13.28,1.245,8.58,1,1.495,0.25
"2023-08-09 10:30:00",302517,13.34,1.249,8.69,1,1.499,0.25
"2023-08-09 10:45:00",302518,13.37,1.247,8.83,1,1.497,0.25
"2023-08-09 11:00:00",302519,13.36,1.247,8.99,1,1.497,0.25
"2023-08-09 11:15:00",302520,13.35,1.246,9.17,1,1.496,0.25
"2023-08-09 11:30:00",302521,13.35,1.243,9.36,1,1.493,0.25
"2023-08-09 11:45:00",302522,13.34,1.244,9.58,1,1.493,0.25
"2023-08-09 12:00:00",302523,13.33,1.243,9.82,1,1.492,0.25
"2023-08-09 12:15:00",302524,13.31,1.235,10.08,1,1.485,0.25
"2023-08-09 12:30:00",302525,13.3,1.24,10.37,1,1.489,0.25
"2023-08-09 12:45:00",302526,13.27,1.244,10.66,1,1.493,0.25
"2023-08-09 13:00:00",302527,13.27,1.238,10.97,1,1.487,0.25
"2023-08-09 13:15:00",302528,13.27,1.237,11.3,1,1.486,0.25
"2023-08-09 13:30:00",302529,13.27,1.232,11.62,1,1.482,0.25
"2023-08-09 13:45:00",302530,13.27,1.232,11.95,1,1.481,0.25
"2023-08-09 14:00:00",302531,13.27,1.229,12.28,1,1.479,0.25
"2023-08-09 14:15:00",302532,13.26,1.229,12.59,1,1.479,0.25
"2023-08-09 14:30:00",302533,13.25,1.222,12.9,1,1.472,0.25
"2023-08-09 14:45:00",302534,13.23,1.226,13.18,1,1.476,0.25
"2023-08-09 15:00:00",302535,13.21,1.219,13.44,1,1.469,0.25
"2023-08-09 15:15:00",302536,13.21,1.218,13.68,1,1.468,0.25
"2023-08-09 15:30:00",302537,13.22,1.214,13.89,1,1.464,0.25
"2023-08-09 15:45:00",302538,13.22,1.212,14.09,1,1.462,0.25
"2023-08-09 16:00:00",302539,13.21,1.21,14.26,1,1.459,0.25
"2023-08-09 16:15:00",302540,13.22,1.213,14.41,1,1.463,0.25
"2023-08-09 16:30:00",302541,13.22,1.21,14.52,1,1.459,0.25
"2023-08-09 16:45:00",302542,13.2,1.208,14.62,1,1.458,0.25
"2023-08-09 17:00:00",302543,13.17,1.21,14.69,1,1.46,0.25
"2023-08-09 17:15:00",302544,13.18,1.207,14.73,1,1.457,0.25
"2023-08-09 17:30:00",302545,13.22,1.205,14.76,1,1.454,0.25
"2023-08-09 17:45:00",302546,13.23,1.201,14.77,1,1.45,0.25
"2023-08-09 18:00:00",302547,13.21,1.201,14.76,1,1.451,0.25
"2023-08-09 18:15:00",302548,13.01,1.203,14.72,1,1.453,0.25
"2023-08-09 18:30:00",302549,12.93,1.199,14.68,1,1.449,0.25
"2023-08-09 18:45:00",302550,12.87,1.198,14.64,1,1.447,0.25
"2023-08-09 19:00:00",302551,12.83,1.199,14.6,1,1.449,0.25
"2023-08-09 19:15:00",302552,12.8,1.2,14.55,1,1.449,0.25
"2023-08-09 19:30:00",302553,12.78,1.201,14.5,1,1.451,0.25
"2023-08-09 19:45:00",302554,12.77,1.198,14.45,1,1.448,0.25
"2023-08-09 20:00:00",302555,12.75,1.198,14.39,1,1.447,0.25
"2023-08-09 20:15:00",302556,12.74,1.196,14.33,1,1.445,0.25
"2023-08-09 20:30:00",302557,12.73,1.201,14.26,1,1.451,0.25
"2023-08-09 20:45:00",302558,12.72,1.197,14.18,1,1.447,0.25
"2023-08-09 21:00:00",302559,12.7,1.203,14.1,1,1.453,0.25
"2023-08-09 21:15:00",302560,12.7,1.201,14.01,1,1.451,0.25
"2023-08-09 21:30:00",302561,12.69,1.205,13.92,1,1.454,0.25
"2023-08-09 21:45:00",302562,12.68,1.202,13.82,1,1.452,0.25
"2023-08-09 22:00:00",302563,12.67,1.209,13.72,1,1.458,0.25
"2023-08-09 22:15:00",302564,12.66,1.209,13.61,1,1.459,0.25
"2023-08-09 22:30:00",302565,12.65,1.207,13.49,1,1.456,0.25
"2023-08-09 22:45:00",302566,12.64,1.212,13.37,1,1.462,0.25
"2023-08-09 23:00:00",302567,12.64,1.208,13.25,1,1.457,0.25
"2023-08-09 23:15:00",302568,12.63,1.209,13.12,1,1.458,0.25
"2023-08-09 23:30:00",302569,12.62,1.211,12.98,1,1.461,0.25
"2023-08-09 23:45:00",302570,12.62,1.214,12.84,1,1.463,0.25
"2023-08-10 00:00:00",302571,12.61,1.215,12.7,1,1.465,0.25
"2023-08-10 00:15:00",302572,12.6,1.214,12.56,1,1.464,0.25
"2023-08-10 00:30:00",302573,12.59,1.216,12.41,1,1.465,0.25
"2023-08-10 00:45:00",302574,12.59,1.217,12.27,1,1.466,0.25
"2023-08-10 01:00:00",302575,12.58,1.219,12.12,1,1.469,0.25
"2023-08-10 01:15:00",302576,12.58,1.219,11.98,1,1.468,0.25
"2023-08-10 01:30:00",302577,12.56,1.219,11.83,1,1.469,0.25
"2023-08-10 01:45:00",302578,12.56,1.22,11.69,1,1.47,0.25
"2023-08-10 02:00:00",302579,12.55,1.221,11.55,1,1.471,0.25
"2023-08-10 02:15:00",302580,12.55,1.218,11.4,1,1.468,0.25
"2023-08-10 02:30:00",302581,12.54,1.223,11.27,1,1.473,0.25
"2023-08-10 02:45:00",302582,12.54,1.219,11.13,1,1.468,0.25
"2023-08-10 03:00:00",302583,12.54,1.225,10.99,1,1.474,0.25
"2023-08-10 03:15:00",302584,12.54,1.221,10.86,1,1.47,0.25
"2023-08-10 03:30:00",302585,12.53,1.219,10.72,1,1.469,0.25
"2023-08-10 03:45:00",302586,12.52,1.221,10.6,1,1.471,0.25
"2023-08-10 04:00:00",302587,12.51,1.221,10.47,1,1.471,0.25
"2023-08-10 04:15:00",302588,12.51,1.224,10.34,1,1.474,0.25
"2023-08-10 04:30:00",302589,12.51,1.22,10.21,1,1.469,0.25
"2023-08-10 04:45:00",302590,12.51,1.221,10.08,1,1.471,0.25
"2023-08-10 05:00:00",302591,12.51,1.222,9.95,1,1.472,0.25
"2023-08-10 05:15:00",302592,12.5,1.221,9.83,1,1.471,0.25
"2023-08-10 05:30:00",302593,12.5,1.222,9.71,1,1.472,0.25
"2023-08-10 05:45:00",302594,12.5,1.221,9.58,1,1.471,0.25
"2023-08-10 06:00:00",302595,12.49,1.219,9.46,1,1.468,0.25
"2023-08-10 06:15:00",302596,12.49,1.216,9.35,1,1.465,0.25
"2023-08-10 06:30:00",302597,12.49,1.216,9.24,1,1.466,0.25
"2023-08-10 06:45:00",302598,12.49,1.22,9.13,1,1.47,0.25
"2023-08-10 07:00:00",302599,12.49,1.217,9.02,1,1.466,0.25
"2023-08-10 07:15:00",302600,12.49,1.215,8.92,1,1.465,0.25
"2023-08-10 07:30:00",302601,12.49,1.219,8.83,1,1.469,0.25
"2023-08-10 07:45:00",302602,12.49,1.217,8.75,1,1.467,0.25
"2023-08-10 08:00:00",302603,12.52,1.214,8.68,1,1.464,0.25
"2023-08-10 08:15:00",302604,12.55,1.218,8.63,1,1.468,0.25
"2023-08-10 08:30:00",302605,12.59,1.217,8.6,1,1.467,0.25
"2023-08-10 08:45:00",302606,12.64,1.217,8.59,1,1.467,0.25
"2023-08-10 09:00:00",302607,12.72,1.216,8.59,1,1.466,0.25
"2023-08-10 09:15:00",302608,12.83,1.216,8.62,1,1.466,0.25
"2023-08-10 09:30:00",302609,12.95,1.215,8.67,1,1.465,0.25
"2023-08-10 09:45:00",302610,13.05,1.219,8.74,1,1.468,0.25
"2023-08-10 10:00:00",302611,13.12,1.214,8.84,1,1.463,0.25
"2023-08-10 10:15:00",302612,13.18,1.216,8.94,1,1.465,0.25
"2023-08-10 10:30:00",302613,13.24,1.212,9.06,1,1.462,0.25
"2023-08-10 10:45:00",302614,13.3,1.213,9.2,1,1.463,0.25
"2023-08-10 11:00:00",302615,13.34,1.217,9.37,1,1.466,0.25
"2023-08-10 11:15:00",302616,13.35,1.212,9.55,1,1.462,0.25
"2023-08-10 11:30:00",302617,13.34,1.208,9.76,1,1.458,0.25
"2023-08-10 11:45:00",302618,13.34,1.213,9.99,1,1.463,0.25
"2023-08-10 12:00:00",302619,13.33,1.214,10.24,1,1.464,0.25
"2023-08-10 12:15:00",302620,13.31,1.212,10.51,1,1.462,0.25
"2023-08-10 12:30:00",302621,13.3,1.209,10.8,1,1.458,0.25
"2023-08-10 12:45:00",302622,13.28,1.21,11.1,1,1.46,0.25
"2023-08-10 13:00:00",302623,13.28,1.204,11.42,1,1.453,0.25
"2023-08-10 13:15:00",302624,13.27,1.202,11.74,1,1.452,0.25
"2023-08-10 13:30:00",302625,13.28,1.202,12.07,1,1.452,0.25
"2023-08-10 13:45:00",302626,13.28,1.201,12.39,1,1.451,0.25
"2023-08-10 14:00:00",302627,13.27,1.203,12.72,1,1.452,0.25
"2023-08-10 14:15:00",302628,13.27,1.196,13.04,1,1.446,0.25
"2023-08-10 14:30:00",302629,13.26,1.195,13.35,1,1.444,0.25
"2023-08-10 14:45:00",302630,13.24,1.191,13.65,1,1.441,0.25
"2023-08-10 15:00:00",302631,13.22,1.186,13.93,1,1.435,0.25
"2023-08-10 15:15:00",302632,13.21,1.194,14.19,1,1.444,0.25
"2023-08-10 15:30:00",302633,13.22,1.19,14.42,1,1.44,0.25
"2023-08-10 15:45:00",302634,13.22,1.189,14.61,1,1.438,0.25
"2023-08-10 16:00:00",302635,13.22,1.184,14.74,1,1.434,0.25
"2023-08-10 16:15:00",302636,13.23,1.185,14.84,1,1.434,0.25
"2023-08-10 16:30:00",302637,13.24,1.181,14.91,1,1.431,0.25
"2023-08-10 16:45:00",302638,13.25,1.185,14.91,1,1.435,0.25
"2023-08-10 17:00:00",302639,13.23,1.182,14.9,1,1.431,0.25
"2023-08-10 17:15:00",302640,13.16,1.182,14.89,1,1.431,0.25
"2023-08-10 17:30:00",302641,13.26,1.181,14.86,1,1.431,0.25
"2023-08-10 17:45:00",302642,13.27,1.18,14.8,1,1.43,0.25
"2023-08-10 18:00:00",302643,13.13,1.182,14.72,1,1.432,0.25
"2023-08-10 18:15:00",302644,13,1.183,14.62,1,1.433,0.25
"2023-08-10 18:30:00",302645,12.92,1.183,14.5,1,1.432,0.25
"2023-08-10 18:45:00",302646,12.87,1.183,14.38,1,1.432,0.25
"2023-08-10 19:00:00",302647,12.83,1.181,14.26,1,1.431,0.25
"2023-08-10 19:15:00",302648,12.8,1.183,14.16,1,1.433,0.25
"2023-08-10 19:30:00",302649,12.78,1.179,14.08,1,1.429,0.25
"2023-08-10 19:45:00",302650,12.76,1.181,14,1,1.431,0.25
"2023-08-10 20:00:00",302651,12.74,1.184,13.92,1,1.434,0.25
"2023-08-10 20:15:00",302652,12.73,1.18,13.83,1,1.429,0.25
"2023-08-10 20:30:00",302653,12.72,1.182,13.75,1,1.432,0.25
"2023-08-10 20:45:00",302654,12.71,1.181,13.66,1,1.43,0.25
"2023-08-10 21:00:00",302655,12.71,1.185,13.58,1,1.434,0.25
"2023-08-10 21:15:00",302656,12.7,1.184,13.49,1,1.434,0.25
"2023-08-10 21:30:00",302657,12.69,1.183,13.4,1,1.432,0.25
"2023-08-10 21:45:00",302658,12.68,1.184,13.32,1,1.433,0.25
"2023-08-10 22:00:00",302659,12.68,1.189,13.23,1,1.438,0.25
"2023-08-10 22:15:00",302660,12.67,1.184,13.13,1,1.434,0.25
"2023-08-10 22:30:00",302661,12.66,1.19,13.04,1,1.439,0.25
"2023-08-10 22:45:00",302662,12.65,1.189,12.96,1,1.439,0.25
"2023-08-10 23:00:00",302663,12.65,1.187,12.87,1,1.437,0.25
"2023-08-10 23:15:00",302664,12.64,1.186,12.78,1,1.436,0.25
"2023-08-10 23:30:00",302665,12.63,1.187,12.69,1,1.437,0.25
"2023-08-10 23:45:00",302666,12.63,1.193,12.59,1,1.443,0.25
"2023-08-11 00:00:00",302667,12.62,1.191,12.48,1,1.44,0.25
"2023-08-11 00:15:00",302668,12.61,1.187,12.38,1,1.437,0.25
"2023-08-11 00:30:00",302669,12.6,1.191,12.27,1,1.441,0.25
"2023-08-11 00:45:00",302670,12.59,1.19,12.16,1,1.44,0.25
"2023-08-11 01:00:00",302671,12.59,1.19,12.05,1,1.44,0.25
"2023-08-11 01:15:00",302672,12.59,1.192,11.94,1,1.442,0.25
"2023-08-11 01:30:00",302673,12.58,1.189,11.83,1,1.438,0.25
"2023-08-11 01:45:00",302674,12.58,1.191,11.73,1,1.44,0.25
"2023-08-11 02:00:00",302675,12.57,1.194,11.62,1,1.444,0.25
"2023-08-11 02:15:00",302676,12.56,1.19,11.52,1,1.439,0.25
"2023-08-11 02:30:00",302677,12.55,1.198,11.43,1,1.448,0.25
"2023-08-11 02:45:00",302678,12.55,1.195,11.33,1,1.445,0.25
"2023-08-11 03:00:00",302679,12.55,1.194,11.24,1,1.443,0.25
"2023-08-11 03:15:00",302680,12.54,1.197,11.14,1,1.446,0.25
"2023-08-11 03:30:00",302681,12.54,1.199,11.05,1,1.449,0.25
"2023-08-11 03:45:00",302682,12.54,1.197,10.96,1,1.446,0.25
"2023-08-11 04:00:00",302683,12.53,1.195,10.87,1,1.444,0.25
"2023-08-11 04:15:00",302684,12.53,1.194,10.78,1,1.443,0.25
"2023-08-11 04:30:00",302685,12.53,1.196,10.69,1,1.446,0.25
"2023-08-11 04:45:00",302686,12.53,1.198,10.61,1,1.447,0.25
"2023-08-11 05:00:00",302687,12.52,1.198,10.52,1,1.448,0.25
"2023-08-11 05:15:00",302688,12.52,1.197,10.44,1,1.447,0.25
"2023-08-11 05:30:00",302689,12.52,1.198,10.36,1,1.447,0.25
"2023-08-11 05:45:00",302690,12.52,1.197,10.28,1,1.447,0.25
"2023-08-11 06:00:00",302691,12.51,1.194,10.2,1,1.443,0.25
"2023-08-11 06:15:00",302692,12.51,1.194,10.13,1,1.444,0.25
"2023-08-11 06:30:00",302693,12.51,1.196,10.06,1,1.445,0.25
"2023-08-11 06:45:00",302694,12.51,1.194,10,1,1.444,0.25
"2023-08-11 07:00:00",302695,12.51,1.192,9.95,1,1.442,0.25
"2023-08-11 07:15:00",302696,12.51,1.194,9.9,1,1.444,0.25
"2023-08-11 07:30:00",302697,12.51,1.198,9.86,1,1.447,0.25
"2023-08-11 07:45:00",302698,12.51,1.193,9.83,1,1.443,0.25
"2023-08-11 08:00:00",302699,12.51,1.196,9.8,1,1.446,0.25
"2023-08-11 08:15:00",302700,12.5,1.199,9.79,1,1.448,0.25
"2023-08-11 08:30:00",302701,12.53,1.194,9.79,1,1.443,0.25
"2023-08-11 08:45:00",302702,12.53,1.198,9.8,1,1.448,0.25
"2023-08-11 09:00:00",302703,12.54,1.195,9.82,1,1.445,0.25
"2023-08-11 09:15:00",302704,12.6,1.201,9.85,1,1.451,0.25
"2023-08-11 09:30:00",302705,12.59,1.193,9.87,1,1.443,0.25
"2023-08-11 09:45:00",302706,12.72,1.198,9.89,1,1.447,0.25
"2023-08-11 10:00:00",302707,13.08,1.2,9.95,1,1.449,0.25
"2023-08-11 10:15:00",302708,13.25,1.202,10.06,1,1.451,0.25
"2023-08-11 10:30:00",302709,13.27,1.199,10.18,1,1.449,0.25
"2023-08-11 10:45:00",302710,13.35,1.201,10.29,1,1.45,0.25
"2023-08-11 11:00:00",302711,13.4,1.204,10.37,1,1.453,0.25
"2023-08-11 11:15:00",302712,13.38,1.21,10.46,1,1.46,0.25
"2023-08-11 11:30:00",302713,13.37,1.212,10.57,1,1.461,0.25
"2023-08-11 11:45:00",302714,13.37,1.219,10.69,1,1.469,0.25
"2023-08-11 12:00:00",302715,13.36,1.216,10.81,1,1.466,0.25
"2023-08-11 12:15:00",302716,13.36,1.212,10.94,1,1.462,0.25
"2023-08-11 12:30:00",302717,13.33,1.213,11.07,1,1.462,0.25
"2023-08-11 12:45:00",302718,13.36,1.208,11.17,1,1.457,0.25
"2023-08-11 13:00:00",302719,13.35,1.208,11.3,1,1.458,0.25
"2023-08-11 13:15:00",302720,13.31,1.208,11.45,1,1.458,0.25
"2023-08-11 13:30:00",302721,13.36,1.206,11.57,1,1.455,0.25
"2023-08-11 13:45:00",302722,13.19,1.203,11.7,1,1.453,0.25
"2023-08-11 14:00:00",302723,13.06,1.204,11.81,1,1.454,0.25
"2023-08-11 14:15:00",302724,13.11,1.201,11.86,1,1.451,0.25
"2023-08-11 14:30:00",302725,13.39,1.2,11.9,1,1.449,0.25
"2023-08-11 14:45:00",302726,13.38,1.208,11.99,1,1.457,0.25
"2023-08-11 15:00:00",302727,13.38,1.216,12.13,1,1.466,0.25
"2023-08-11 15:15:00",302728,13.36,1.211,12.32,1,1.461,0.25
"2023-08-11 15:30:00",302729,13.35,1.229,12.52,1,1.478,0.25
"2023-08-11 15:45:00",302730,13.35,1.233,12.68,1,1.482,0.25
"2023-08-11 16:00:00",302731,13.34,1.23,12.78,1,1.48,0.25
"2023-08-11 16:15:00",302732,13.34,1.23,12.86,1,1.48,0.25
"2023-08-11 16:30:00",302733,13.34,1.237,12.94,1,1.487,0.25
"2023-08-11 16:45:00",302734,13.33,1.242,12.98,1,1.492,0.25
"2023-08-11 17:00:00",302735,13.33,1.253,12.99,1,1.503,0.25
"2023-08-11 17:15:00",302736,13.28,1.267,12.96,1,1.517,0.25
"2023-08-11 17:30:00",302737,13.33,1.276,12.93,1,1.526,0.25
"2023-08-11 17:45:00",302738,13.26,1.276,12.92,1,1.525,0.25
"2023-08-11 18:00:00",302739,13.23,1.276,12.91,1,1.526,0.25
"2023-08-11 18:15:00",302740,13.09,1.279,12.91,1,1.529,0.25
"2023-08-11 18:30:00",302741,12.98,1.292,12.9,1,1.541,0.25
"2023-08-11 18:45:00",302742,12.91,1.307,12.9,1,1.556,0.25
"2023-08-11 19:00:00",302743,12.86,1.304,12.91,1,1.553,0.25
"2023-08-11 19:15:00",302744,12.82,1.304,12.91,1,1.554,0.25
"2023-08-11 19:30:00",302745,12.8,1.305,12.9,1,1.554,0.25
"2023-08-11 19:45:00",302746,12.77,1.301,12.88,1,1.55,0.25
"2023-08-11 20:00:00",302747,12.76,1.3,12.83,1,1.55,0.25
"2023-08-11 20:15:00",302748,12.75,1.292,12.77,1,1.541,0.25
"2023-08-11 20:30:00",302749,12.73,1.296,12.71,1,1.546,0.25
"2023-08-11 20:45:00",302750,12.72,1.289,12.64,1,1.539,0.25
"2023-08-11 21:00:00",302751,12.71,1.296,12.56,1,1.546,0.25
"2023-08-11 21:15:00",302752,12.7,1.293,12.49,1,1.543,0.25
"2023-08-11 21:30:00",302753,12.69,1.29,12.41,1,1.54,0.25
"2023-08-11 21:45:00",302754,12.68,1.291,12.34,1,1.541,0.25
"2023-08-11 22:00:00",302755,12.68,1.286,12.26,1,1.535,0.25
"2023-08-11 22:15:00",302756,12.67,1.287,12.18,1,1.537,0.25
"2023-08-11 22:30:00",302757,12.66,1.285,12.09,1,1.534,0.25
"2023-08-11 22:45:00",302758,12.65,1.282,12,1,1.532,0.25
"2023-08-11 23:00:00",302759,12.64,1.282,11.9,1,1.532,0.25
"2023-08-11 23:15:00",302760,12.64,1.281,11.81,1,1.531,0.25
"2023-08-11 23:30:00",302761,12.63,1.278,11.72,1,1.528,0.25
"2023-08-11 23:45:00",302762,12.62,1.277,11.65,1,1.527,0.25
"2023-08-12 00:00:00",302763,12.61,1.276,11.57,1,1.526,0.25
"2023-08-12 00:15:00",302764,12.6,1.282,11.49,1,1.532,0.25
"2023-08-12 00:30:00",302765,12.6,1.276,11.41,1,1.525,0.25
"2023-08-12 00:45:00",302766,12.59,1.279,11.34,1,1.528,0.25
"2023-08-12 01:00:00",302767,12.59,1.273,11.26,1,1.523,0.25
"2023-08-12 01:15:00",302768,12.58,1.275,11.18,1,1.525,0.25
"2023-08-12 01:30:00",302769,12.58,1.276,11.1,1,1.526,0.25
"2023-08-12 01:45:00",302770,12.57,1.276,11.02,1,1.525,0.25
"2023-08-12 02:00:00",302771,12.56,1.274,10.94,1,1.524,0.25
"2023-08-12 02:15:00",302772,12.55,1.269,10.85,1,1.519,0.25
"2023-08-12 02:30:00",302773,12.55,1.269,10.76,1,1.519,0.25
"2023-08-12 02:45:00",302774,12.55,1.268,10.67,1,1.518,0.25
"2023-08-12 03:00:00",302775,12.54,1.267,10.59,1,1.517,0.25
"2023-08-12 03:15:00",302776,12.54,1.27,10.49,1,1.519,0.25
"2023-08-12 03:30:00",302777,12.53,1.266,10.4,1,1.516,0.25
"2023-08-12 03:45:00",302778,12.53,1.267,10.31,1,1.517,0.25
"2023-08-12 04:00:00",302779,12.53,1.265,10.23,1,1.515,0.25
"2023-08-12 04:15:00",302780,12.53,1.261,10.15,1,1.511,0.25
"2023-08-12 04:30:00",302781,12.52,1.261,10.07,1,1.511,0.25
"2023-08-12 04:45:00",302782,12.52,1.256,9.99,1,1.506,0.25
"2023-08-12 05:00:00",302783,12.52,1.262,9.91,1,1.512,0.25
"2023-08-12 05:15:00",302784,12.52,1.263,9.83,1,1.512,0.25
"2023-08-12 05:30:00",302785,12.51,1.264,9.74,1,1.513,0.25
"2023-08-12 05:45:00",302786,12.51,1.261,9.66,1,1.511,0.25
"2023-08-12 06:00:00",302787,12.51,1.258,9.58,1,1.508,0.25
"2023-08-12 06:15:00",302788,12.51,1.255,9.5,1,1.504,0.25
"2023-08-12 06:30:00",302789,12.5,1.256,9.43,1,1.505,0.25
"2023-08-12 06:45:00",302790,12.51,1.256,9.35,1,1.506,0.25
"2023-08-12 07:00:00",302791,12.5,1.256,9.28,1,1.506,0.25
"2023-08-12 07:15:00",302792,12.5,1.257,9.21,1,1.507,0.25
"2023-08-12 07:30:00",302793,12.5,1.255,9.15,1,1.505,0.25
"2023-08-12 07:45:00",302794,12.5,1.255,9.09,1,1.505,0.25
"2023-08-12 08:00:00",302795,12.53,1.26,9.04,1,1.509,0.25
"2023-08-12 08:15:00",302796,12.56,1.254,9.01,1,1.503,0.25
"2023-08-12 08:30:00",302797,12.58,1.258,8.99,1,1.508,0.25
"2023-08-12 08:45:00",302798,12.63,1.25,8.98,1,1.5,0.25
"2023-08-12 09:00:00",302799,12.64,1.254,8.98,1,1.504,0.25
"2023-08-12 09:15:00",302800,12.74,1.252,8.99,1,1.501,0.25
"2023-08-12 09:30:00",302801,12.84,1.251,9.03,1,1.501,0.25
"2023-08-12 09:45:00",302802,12.95,1.252,9.1,1,1.502,0.25
"2023-08-12 10:00:00",302803,13.04,1.251,9.22,1,1.5,0.25
"2023-08-12 10:15:00",302804,13.14,1.25,9.33,1,1.5,0.25
"2023-08-12 10:30:00",302805,13.2,1.252,9.47,1,1.502,0.25
"2023-08-12 10:45:00",302806,13.25,1.254,9.63,1,1.504,0.25
"2023-08-12 11:00:00",302807,13.25,1.247,9.8,1,1.496,0.25
"2023-08-12 11:15:00",302808,13.33,1.249,9.97,1,1.499,0.25
"2023-08-12 11:30:00",302809,13.34,1.249,10.17,1,1.499,0.25
"2023-08-12 11:45:00",302810,13.34,1.245,10.38,1,1.494,0.25
"2023-08-12 12:00:00",302811,13.33,1.247,10.62,1,1.497,0.25
"2023-08-12 12:15:00",302812,13.32,1.24,10.89,1,1.49,0.25
"2023-08-12 12:30:00",302813,13.29,1.243,11.17,1,1.492,0.25
"2023-08-12 12:45:00",302814,13.28,1.24,11.47,1,1.489,0.25
"2023-08-12 13:00:00",302815,13.27,1.242,11.78,1,1.492,0.25
"2023-08-12 13:15:00",302816,13.25,1.237,12.09,1,1.487,0.25
"2023-08-12 13:30:00",302817,13.26,1.239,12.37,1,1.489,0.25
"2023-08-12 13:45:00",302818,13.26,1.236,12.64,1,1.485,0.25
"2023-08-12 14:00:00",302819,13.27,1.23,12.91,1,1.48,0.25
"2023-08-12 14:15:00",302820,13.25,1.227,13.21,1,1.477,0.25
"2023-08-12 14:30:00",302821,13.25,1.232,13.52,1,1.482,0.25
"2023-08-12 14:45:00",302822,13.25,1.224,13.67,1,1.474,0.25
"2023-08-12 15:00:00",302823,13.24,1.227,13.78,1,1.476,0.25
"2023-08-12 15:15:00",302824,13.11,1.223,13.88,1,1.473,0.25
"2023-08-12 15:30:00",302825,13.25,1.225,14.02,1,1.475,0.25
"2023-08-12 15:45:00",302826,13.09,1.221,14.16,1,1.471,0.25
"2023-08-12 16:00:00",302827,13.17,1.217,14.26,1,1.467,0.25
"2023-08-12 16:15:00",302828,13.26,1.218,14.35,1,1.468,0.25
"2023-08-12 16:30:00",302829,13.25,1.214,14.45,1,1.463,0.25
"2023-08-12 16:45:00",302830,13.24,1.219,14.58,1,1.469,0.25
"2023-08-12 17:00:00",302831,13.19,1.214,14.72,1,1.464,0.25
"2023-08-12 17:15:00",302832,13.2,1.216,14.83,1,1.466,0.25
"2023-08-12 17:30:00",302833,13.1,1.215,14.91,1,1.465,0.25
"2023-08-12 17:45:00",302834,12.97,1.216,14.95,1,1.465,0.25
"2023-08-12 18:00:00",302835,12.9,1.212,14.97,1,1.462,0.25
"2023-08-12 18:15:00",302836,12.87,1.214,14.98,1,1.464,0.25
"2023-08-12 18:30:00",302837,12.84,1.214,14.96,1,1.464,0.25
"2023-08-12 18:45:00",302838,12.81,1.219,14.94,1,1.469,0.25
"2023-08-12 19:00:00",302839,12.79,1.219,14.9,1,1.469,0.25
"2023-08-12 19:15:00",302840,12.77,1.219,14.8,1,1.469,0.25
"2023-08-12 19:30:00",302841,12.75,1.22,14.68,1,1.47,0.25
"2023-08-12 19:45:00",302842,12.74,1.22,14.58,1,1.47,0.25
"2023-08-12 20:00:00",302843,12.73,1.222,14.51,1,1.471,0.25
"2023-08-12 20:15:00",302844,12.71,1.225,14.44,1,1.475,0.25
"2023-08-12 20:30:00",302845,12.71,1.222,14.37,1,1.472,0.25
"2023-08-12 20:45:00",302846,12.7,1.228,14.3,1,1.477,0.25
"2023-08-12 21:00:00",302847,12.69,1.227,14.23,1,1.477,0.25
"2023-08-12 21:15:00",302848,12.68,1.231,14.16,1,1.481,0.25
"2023-08-12 21:30:00",302849,12.67,1.231,14.09,1,1.481,0.25
"2023-08-12 21:45:00",302850,12.66,1.229,14.01,1,1.479,0.25
"2023-08-12 22:00:00",302851,12.65,1.237,13.93,1,1.487,0.25
"2023-08-12 22:15:00",302852,12.64,1.239,13.85,1,1.489,0.25
"2023-08-12 22:30:00",302853,12.64,1.245,13.77,1,1.494,0.25
"2023-08-12 22:45:00",302854,12.63,1.247,13.67,1,1.496,0.25
"2023-08-12 23:00:00",302855,12.63,1.251,13.57,1,1.501,0.25
"2023-08-12 23:15:00",302856,12.62,1.254,13.48,1,1.504,0.25
"2023-08-12 23:30:00",302857,12.61,1.258,13.39,1,1.508,0.25
"2023-08-12 23:45:00",302858,12.6,1.262,13.29,1,1.511,0.25
"2023-08-13 00:00:00",302859,12.59,1.263,13.2,1,1.513,0.25
"2023-08-13 00:15:00",302860,12.59,1.264,13.11,1,1.514,0.25
"2023-08-13 00:30:00",302861,12.58,1.268,13.02,1,1.517,0.25
"2023-08-13 00:45:00",302862,12.58,1.271,12.92,1,1.521,0.25
"2023-08-13 01:00:00",302863,12.57,1.271,12.83,1,1.521,0.25
"2023-08-13 01:15:00",302864,12.57,1.271,12.74,1,1.521,0.25
"2023-08-13 01:30:00",302865,12.57,1.268,12.66,1,1.518,0.25
"2023-08-13 01:45:00",302866,12.56,1.271,12.56,1,1.521,0.25
"2023-08-13 02:00:00",302867,12.56,1.273,12.47,1,1.522,0.25
"2023-08-13 02:15:00",302868,12.56,1.275,12.37,1,1.524,0.25
"2023-08-13 02:30:00",302869,12.55,1.269,12.27,1,1.519,0.25
"2023-08-13 02:45:00",302870,12.55,1.272,12.17,1,1.522,0.25
"2023-08-13 03:00:00",302871,12.55,1.27,12.08,1,1.52,0.25
"2023-08-13 03:15:00",302872,12.55,1.275,11.98,1,1.525,0.25
"2023-08-13 03:30:00",302873,12.55,1.275,11.89,1,1.524,0.25
"2023-08-13 03:45:00",302874,12.54,1.273,11.79,1,1.522,0.25
"2023-08-13 04:00:00",302875,12.54,1.277,11.7,1,1.527,0.25
"2023-08-13 04:15:00",302876,12.54,1.272,11.6,1,1.522,0.25
"2023-08-13 04:30:00",302877,12.54,1.273,11.51,1,1.522,0.25
"2023-08-13 04:45:00",302878,12.53,1.275,11.43,1,1.524,0.25
"2023-08-13 05:00:00",302879,12.53,1.268,11.35,1,1.518,0.25
"2023-08-13 05:15:00",302880,12.53,1.275,11.26,1,1.524,0.25
"2023-08-13 05:30:00",302881,12.53,1.275,11.17,1,1.525,0.25
"2023-08-13 05:45:00",302882,12.53,1.274,11.09,1,1.523,0.25
"2023-08-13 06:00:00",302883,12.53,1.274,11.01,1,1.524,0.25
"2023-08-13 06:15:00",302884,12.53,1.268,10.93,1,1.518,0.25
"2023-08-13 06:30:00",302885,12.53,1.266,10.85,1,1.516,0.25
"2023-08-13 06:45:00",302886,12.52,1.278,10.77,1,1.528,0.25
"2023-08-13 07:00:00",302887,12.52,1.273,10.7,1,1.523,0.25
"2023-08-13 07:15:00",302888,12.52,1.267,10.63,1,1.517,0.25
"2023-08-13 07:30:00",302889,12.52,1.269,10.58,1,1.518,0.25
"2023-08-13 07:45:00",302890,12.52,1.27,10.54,1,1.52,0.25
"2023-08-13 08:00:00",302891,12.52,1.271,10.51,1,1.521,0.25
"2023-08-13 08:15:00",302892,12.52,1.272,10.48,1,1.522,0.25
"2023-08-13 08:30:00",302893,12.53,1.27,10.45,1,1.52,0.25
"2023-08-13 08:45:00",302894,12.56,1.276,10.43,1,1.525,0.25
"2023-08-13 09:00:00",302895,12.55,1.275,10.42,1,1.525,0.25
"2023-08-13 09:15:00",302896,12.55,1.277,10.41,1,1.526,0.25
"2023-08-13 09:30:00",302897,12.58,1.284,10.4,1,1.534,0.25
"2023-08-13 09:45:00",302898,12.78,1.283,10.4,1,1.532,0.25
"2023-08-13 10:00:00",302899,12.95,1.281,10.46,1,1.531,0.25
"2023-08-13 10:15:00",302900,13.03,1.29,10.56,1,1.54,0.25
"2023-08-13 10:30:00",302901,13.34,1.294,10.67,1,1.543,0.25
"2023-08-13 10:45:00",302902,13.38,1.314,10.79,1,1.563,0.25
"2023-08-13 11:00:00",302903,13.37,1.344,10.93,1,1.594,0.25
"2023-08-13 11:15:00",302904,13.37,1.353,11.06,1,1.602,0.25
"2023-08-13 11:30:00",302905,13.36,1.36,11.22,1,1.61,0.25
"2023-08-13 11:45:00",302906,13.35,1.351,11.37,1,1.6,0.25
"2023-08-13 12:00:00",302907,13.35,1.35,11.53,1,1.599,0.25
"2023-08-13 12:15:00",302908,13.34,1.346,11.68,1,1.596,0.25
"2023-08-13 12:30:00",302909,13.31,1.343,11.81,1,1.592,0.25
"2023-08-13 12:45:00",302910,13.32,1.34,11.94,1,1.59,0.25
"2023-08-13 13:00:00",302911,13.33,1.334,12.1,1,1.584,0.25
"2023-08-13 13:15:00",302912,13.32,1.335,12.27,1,1.585,0.25
"2023-08-13 13:30:00",302913,13.32,1.329,12.43,1,1.579,0.25
"2023-08-13 13:45:00",302914,13.31,1.327,12.65,1,1.577,0.25
"2023-08-13 14:00:00",302915,13.3,1.319,12.88,1,1.569,0.25
"2023-08-13 14:15:00",302916,13.29,1.317,13.06,1,1.566,0.25
"2023-08-13 14:30:00",302917,13.09,1.313,13.16,1,1.563,0.25
"2023-08-13 14:45:00",302918,12.98,1.316,13.18,1,1.566,0.25
"2023-08-13 15:00:00",302919,12.93,1.319,13.16,1,1.569,0.25
"2023-08-13 15:15:00",302920,13.37,1.319,13.14,1,1.568,0.25
"2023-08-13 15:30:00",302921,13.36,1.31,13.16,1,1.56,0.25
"2023-08-13 15:45:00",302922,13.36,1.31,13.26,1,1.559,0.25
"2023-08-13 16:00:00",302923,13.34,1.306,13.38,1,1.556,0.25
"2023-08-13 16:15:00",302924,13.33,1.306,13.5,1,1.556,0.25
"2023-08-13 16:30:00",302925,13.33,1.304,13.63,1,1.554,0.25
"2023-08-13 16:45:00",302926,13.31,1.303,13.75,1,1.552,0.25
"2023-08-13 17:00:00",302927,13.22,1.307,13.82,1,1.557,0.25
"2023-08-13 17:15:00",302928,13.23,1.303,13.87,1,1.553,0.25
"2023-08-13 17:30:00",302929,13.26,1.304,13.87,1,1.553,0.25
"2023-08-13 17:45:00",302930,13.29,1.307,13.88,1,1.557,0.25
"2023-08-13 18:00:00",302931,13.2,1.307,13.89,1,1.556,0.25
"2023-08-13 18:15:00",302932,13.1,1.304,13.88,1,1.553,0.25
"2023-08-13 18:30:00",302933,13.01,1.309,13.85,1,1.559,0.25
"2023-08-13 18:45:00",302934,12.92,1.307,13.81,1,1.557,0.25
"2023-08-13 19:00:00",302935,12.87,1.307,13.76,1,1.556,0.25
"2023-08-13 19:15:00",302936,12.83,1.31,13.71,1,1.559,0.25
"2023-08-13 19:30:00",302937,12.8,1.313,13.67,1,1.563,0.25
"2023-08-13 19:45:00",302938,12.77,1.313,13.63,1,1.562,0.25
"2023-08-13 20:00:00",302939,12.76,1.32,13.58,1,1.569,0.25
"2023-08-13 20:15:00",302940,12.75,1.318,13.51,1,1.568,0.25
"2023-08-13 20:30:00",302941,12.74,1.317,13.44,1,1.567,0.25
"2023-08-13 20:45:00",302942,12.72,1.321,13.37,1,1.57,0.25
"2023-08-13 21:00:00",302943,12.71,1.32,13.29,1,1.57,0.25
"2023-08-13 21:15:00",302944,12.7,1.317,13.21,1,1.567,0.25
"2023-08-13 21:30:00",302945,12.7,1.32,13.12,1,1.57,0.25
"2023-08-13 21:45:00",302946,12.69,1.316,13.03,1,1.566,0.25
"2023-08-13 22:00:00",302947,12.68,1.323,12.94,1,1.573,0.25
"2023-08-13 22:15:00",302948,12.67,1.323,12.84,1,1.573,0.25
"2023-08-13 22:30:00",302949,12.66,1.324,12.74,1,1.573,0.25
"2023-08-13 22:45:00",302950,12.65,1.323,12.65,1,1.573,0.25
"2023-08-13 23:00:00",302951,12.64,1.323,12.55,1,1.572,0.25
"2023-08-13 23:15:00",302952,12.64,1.324,12.45,1,1.574,0.25
"2023-08-13 23:30:00",302953,12.63,1.328,12.36,1,1.578,0.25
"2023-08-13 23:45:00",302954,12.62,1.323,12.28,1,1.572,0.25
"2023-08-14 00:00:00",302955,12.62,1.324,12.2,1,1.574,0.25
"2023-08-14 00:15:00",302956,12.61,1.323,12.13,1,1.573,0.25
"2023-08-14 00:30:00",302957,12.6,1.323,12.06,1,1.573,0.25
"2023-08-14 00:45:00",302958,12.59,1.325,11.99,1,1.575,0.25
"2023-08-14 01:00:00",302959,12.59,1.324,11.91,1,1.573,0.25
"2023-08-14 01:15:00",302960,12.58,1.324,11.83,1,1.574,0.25
"2023-08-14 01:30:00",302961,12.58,1.328,11.74,1,1.578,0.25
"2023-08-14 01:45:00",302962,12.57,1.323,11.65,1,1.573,0.25
"2023-08-14 02:00:00",302963,12.57,1.32,11.55,1,1.57,0.25
"2023-08-14 02:15:00",302964,12.56,1.319,11.46,1,1.569,0.25
"2023-08-14 02:30:00",302965,12.56,1.318,11.37,1,1.568,0.25
"2023-08-14 02:45:00",302966,12.56,1.317,11.28,1,1.567,0.25
"2023-08-14 03:00:00",302967,12.55,1.319,11.19,1,1.569,0.25
"2023-08-14 03:15:00",302968,12.55,1.321,11.1,1,1.571,0.25
"2023-08-14 03:30:00",302969,12.54,1.322,11.03,1,1.572,0.25
"2023-08-14 03:45:00",302970,12.54,1.319,10.95,1,1.569,0.25
"2023-08-14 04:00:00",302971,12.54,1.319,10.87,1,1.569,0.25
"2023-08-14 04:15:00",302972,12.54,1.317,10.8,1,1.566,0.25
"2023-08-14 04:30:00",302973,12.53,1.318,10.74,1,1.568,0.25
"2023-08-14 04:45:00",302974,12.53,1.321,10.67,1,1.57,0.25
"2023-08-14 05:00:00",302975,12.53,1.315,10.61,1,1.564,0.25
"2023-08-14 05:15:00",302976,12.53,1.314,10.55,1,1.563,0.25
"2023-08-14 05:30:00",302977,12.53,1.313,10.49,1,1.563,0.25
"2023-08-14 05:45:00",302978,12.53,1.315,10.43,1,1.564,0.25
"2023-08-14 06:00:00",302979,12.53,1.315,10.38,1,1.565,0.25
"2023-08-14 06:15:00",302980,12.53,1.309,10.33,1,1.559,0.25
"2023-08-14 06:30:00",302981,12.53,1.313,10.29,1,1.562,0.25
"2023-08-14 06:45:00",302982,12.53,1.308,10.24,1,1.558,0.25
"2023-08-14 07:00:00",302983,12.53,1.313,10.2,1,1.563,0.25
"2023-08-14 07:15:00",302984,12.53,1.309,10.17,1,1.559,0.25
"2023-08-14 07:30:00",302985,12.52,1.31,10.14,1,1.559,0.25
"2023-08-14 07:45:00",302986,12.53,1.31,10.12,1,1.559,0.25
"2023-08-14 08:00:00",302987,12.54,1.307,10.11,1,1.557,0.25
"2023-08-14 08:15:00",302988,12.54,1.308,10.1,1,1.557,0.25
"2023-08-14 08:30:00",302989,12.53,1.302,10.09,1,1.551,0.25
"2023-08-14 08:45:00",302990,12.53,1.304,10.09,1,1.554,0.25
"2023-08-14 09:00:00",302991,12.53,1.305,10.08,1,1.555,0.25
"2023-08-14 09:15:00",302992,12.57,1.304,10.09,1,1.553,0.25
"2023-08-14 09:30:00",302993,12.67,1.305,10.1,1,1.555,0.25
"2023-08-14 09:45:00",302994,12.93,1.302,10.14,1,1.552,0.25
"2023-08-14 10:00:00",302995,13.04,1.301,10.21,1,1.551,0.25
"2023-08-14 10:15:00",302996,13.14,1.302,10.3,1,1.552,0.25
"2023-08-14 10:30:00",302997,13.2,1.301,10.41,1,1.55,0.25
"2023-08-14 10:45:00",302998,13.35,1.301,10.52,1,1.55,0.25
"2023-08-14 11:00:00",302999,13.36,1.303,10.6,1,1.552,0.25
"2023-08-14 11:15:00",303000,13.36,1.299,10.66,1,1.549,0.25
"2023-08-14 11:30:00",303001,13.35,1.298,10.78,1,1.548,0.25
"2023-08-14 11:45:00",303002,13.33,1.294,10.97,1,1.544,0.25
"2023-08-14 12:00:00",303003,13.34,1.3,11.12,1,1.549,0.25
"2023-08-14 12:15:00",303004,13.25,1.299,11.24,1,1.549,0.25
"2023-08-14 12:30:00",303005,13.28,1.296,11.38,1,1.546,0.25
"2023-08-14 12:45:00",303006,13.29,1.303,11.49,1,1.553,0.25
"2023-08-14 13:00:00",303007,13.27,1.298,11.58,1,1.548,0.25
"2023-08-14 13:15:00",303008,13.11,1.298,11.68,1,1.548,0.25
"2023-08-14 13:30:00",303009,12.99,1.293,11.75,1,1.542,0.25
"2023-08-14 13:45:00",303010,12.9,1.324,11.78,1,1.573,0.25
"2023-08-14 14:00:00",303011,12.93,1.326,11.78,1,1.576,0.25
"2023-08-14 14:15:00",303012,13.4,1.305,11.81,1,1.555,0.25
"2023-08-14 14:30:00",303013,13.38,1.303,11.88,1,1.552,0.25
"2023-08-14 14:45:00",303014,13.37,1.305,11.99,1,1.555,0.25
"2023-08-14 15:00:00",303015,13.34,1.299,12.15,1,1.549,0.25
"2023-08-14 15:15:00",303016,13.32,1.293,12.35,1,1.542,0.25
"2023-08-14 15:30:00",303017,13.32,1.294,12.54,1,1.543,0.25
"2023-08-14 15:45:00",303018,13.33,1.294,12.71,1,1.544,0.25
"2023-08-14 16:00:00",303019,13.31,1.294,12.86,1,1.543,0.25
"2023-08-14 16:15:00",303020,13.28,1.291,13.05,1,1.541,0.25
"2023-08-14 16:30:00",303021,13.27,1.292,13.23,1,1.541,0.25
"2023-08-14 16:45:00",303022,13.3,1.297,13.35,1,1.546,0.25
"2023-08-14 17:00:00",303023,13.26,1.292,13.5,1,1.541,0.25
"2023-08-14 17:15:00",303024,13.31,1.292,13.62,1,1.541,0.25
"2023-08-14 17:30:00",303025,13.09,1.293,13.72,1,1.543,0.25
"2023-08-14 17:45:00",303026,12.98,1.294,13.78,1,1.544,0.25
"2023-08-14 18:00:00",303027,12.9,1.289,13.82,1,1.539,0.25
"2023-08-14 18:15:00",303028,12.85,1.289,13.83,1,1.539,0.25
"2023-08-14 18:30:00",303029,12.82,1.291,13.86,1,1.541,0.25
"2023-08-14 18:45:00",303030,12.79,1.296,13.88,1,1.546,0.25
"2023-08-14 19:00:00",303031,12.77,1.297,13.89,1,1.547,0.25
"2023-08-14 19:15:00",303032,12.76,1.303,13.89,1,1.552,0.25
"2023-08-14 19:30:00",303033,12.74,1.298,13.87,1,1.548,0.25
"2023-08-14 19:45:00",303034,12.73,1.297,13.85,1,1.547,0.25
"2023-08-14 20:00:00",303035,12.72,1.299,13.81,1,1.549,0.25
"2023-08-14 20:15:00",303036,12.71,1.302,13.77,1,1.551,0.25
"2023-08-14 20:30:00",303037,12.7,1.301,13.71,1,1.55,0.25
"2023-08-14 20:45:00",303038,12.69,1.303,13.64,1,1.553,0.25
"2023-08-14 21:00:00",303039,12.68,1.307,13.55,1,1.557,0.25
"2023-08-14 21:15:00",303040,12.66,1.295,13.46,1,1.544,0.25
"2023-08-14 21:30:00",303041,12.66,1.294,13.34,1,1.544,0.25
"2023-08-14 21:45:00",303042,12.64,1.297,13.21,1,1.547,0.25
"2023-08-14 22:00:00",303043,12.64,1.301,13.07,1,1.55,0.25
"2023-08-14 22:15:00",303044,12.63,1.296,12.94,1,1.546,0.25
"2023-08-14 22:30:00",303045,12.62,1.3,12.8,1,1.55,0.25
"2023-08-14 22:45:00",303046,12.61,1.302,12.68,1,1.552,0.25
"2023-08-14 23:00:00",303047,12.61,1.3,12.55,1,1.55,0.25
"2023-08-14 23:15:00",303048,12.6,1.297,12.43,1,1.547,0.25
"2023-08-14 23:30:00",303049,12.59,1.297,12.31,1,1.547,0.25
"2023-08-14 23:45:00",303050,12.59,1.302,12.19,1,1.552,0.25
"2023-08-15 00:00:00",303051,12.58,1.299,12.07,1,1.549,0.25
"2023-08-15 00:15:00",303052,12.58,1.299,11.95,1,1.548,0.25
"2023-08-15 00:30:00",303053,12.56,1.295,11.83,1,1.545,0.25
"2023-08-15 00:45:00",303054,12.56,1.296,11.72,1,1.546,0.25
"2023-08-15 01:00:00",303055,12.55,1.302,11.61,1,1.552,0.25
"2023-08-15 01:15:00",303056,12.55,1.292,11.5,1,1.542,0.25
"2023-08-15 01:30:00",303057,12.55,1.29,11.39,1,1.54,0.25
"2023-08-15 01:45:00",303058,12.54,1.298,11.28,1,1.548,0.25
"2023-08-15 02:00:00",303059,12.54,1.294,11.18,1,1.544,0.25
"2023-08-15 02:15:00",303060,12.53,1.289,11.07,1,1.539,0.25
"2023-08-15 02:30:00",303061,12.53,1.295,10.97,1,1.544,0.25
"2023-08-15 02:45:00",303062,12.53,1.289,10.87,1,1.539,0.25
"2023-08-15 03:00:00",303063,12.53,1.289,10.78,1,1.539,0.25
"2023-08-15 03:15:00",303064,12.52,1.292,10.68,1,1.542,0.25
"2023-08-15 03:30:00",303065,12.52,1.287,10.59,1,1.537,0.25
"2023-08-15 03:45:00",303066,12.52,1.289,10.5,1,1.538,0.25
"2023-08-15 04:00:00",303067,12.52,1.291,10.41,1,1.54,0.25
"2023-08-15 04:15:00",303068,12.52,1.289,10.32,1,1.539,0.25
"2023-08-15 04:30:00",303069,12.52,1.286,10.24,1,1.536,0.25
"2023-08-15 04:45:00",303070,12.51,1.285,10.16,1,1.535,0.25
"2023-08-15 05:00:00",303071,12.51,1.282,10.07,1,1.532,0.25
"2023-08-15 05:15:00",303072,12.51,1.284,9.98,1,1.533,0.25
"2023-08-15 05:30:00",303073,12.51,1.288,9.9,1,1.538,0.25
"2023-08-15 05:45:00",303074,12.51,1.284,9.81,1,1.534,0.25
"2023-08-15 06:00:00",303075,12.51,1.285,9.73,1,1.534,0.25
"2023-08-15 06:15:00",303076,12.51,1.284,9.65,1,1.533,0.25
"2023-08-15 06:30:00",303077,12.51,1.281,9.58,1,1.531,0.25
"2023-08-15 06:45:00",303078,12.5,1.284,9.51,1,1.534,0.25
"2023-08-15 07:00:00",303079,12.5,1.278,9.44,1,1.527,0.25
"2023-08-15 07:15:00",303080,12.5,1.28,9.37,1,1.529,0.25
"2023-08-15 07:30:00",303081,12.5,1.278,9.3,1,1.527,0.25
"2023-08-15 07:45:00",303082,12.5,1.275,9.25,1,1.525,0.25
"2023-08-15 08:00:00",303083,12.53,1.274,9.2,1,1.524,0.25
"2023-08-15 08:15:00",303084,12.56,1.277,9.16,1,1.526,0.25
"2023-08-15 08:30:00",303085,12.56,1.276,9.14,1,1.526,0.25
"2023-08-15 08:45:00",303086,12.62,1.272,9.13,1,1.522,0.25
"2023-08-15 09:00:00",303087,12.68,1.27,9.14,1,1.52,0.25
"2023-08-15 09:15:00",303088,12.73,1.276,9.17,1,1.526,0.25
"2023-08-15 09:30:00",303089,12.84,1.273,9.21,1,1.522,0.25
"2023-08-15 09:45:00",303090,12.99,1.275,9.25,1,1.524,0.25
"2023-08-15 10:00:00",303091,13.13,1.271,9.32,1,1.52,0.25
"2023-08-15 10:15:00",303092,13.25,1.271,9.39,1,1.52,0.25
"2023-08-15 10:30:00",303093,13.36,1.271,9.48,1,1.521,0.25
"2023-08-15 10:45:00",303094,13.44,1.272,9.56,1,1.522,0.25
"2023-08-15 11:00:00",303095,13.43,1.271,9.65,1,1.521,0.25
"2023-08-15 11:15:00",303096,13.36,1.269,9.74,1,1.519,0.25
"2023-08-15 11:30:00",303097,13.36,1.266,9.8,1,1.516,0.25
"2023-08-15 11:45:00",303098,13.38,1.264,9.87,1,1.514,0.25
"2023-08-15 12:00:00",303099,13.4,1.265,9.94,1,1.514,0.25
"2023-08-15 12:15:00",303100,13.38,1.263,10.08,1,1.513,0.25
"2023-08-15 12:30:00",303101,13.35,1.264,10.31,1,1.514,0.25
"2023-08-15 12:45:00",303102,13.32,1.265,10.59,1,1.514,0.25
"2023-08-15 13:00:00",303103,13.3,1.261,10.77,1,1.511,0.25
"2023-08-15 13:15:00",303104,13.2,1.261,10.83,1,1.511,0.25
"2023-08-15 13:30:00",303105,13.16,1.259,10.88,1,1.508,0.25
"2023-08-15 13:45:00",303106,13.33,1.256,10.99,1,1.506,0.25
"2023-08-15 14:00:00",303107,13.33,1.251,11.15,1,1.501,0.25
"2023-08-15 14:15:00",303108,13.26,1.254,11.32,1,1.503,0.25
"2023-08-15 14:30:00",303109,13.07,1.254,11.45,1,1.504,0.25
"2023-08-15 14:45:00",303110,12.97,1.249,11.54,1,1.499,0.25
"2023-08-15 15:00:00",303111,12.92,1.253,11.58,1,1.503,0.25
"2023-08-15 15:15:00",303112,12.88,1.249,11.6,1,1.499,0.25
"2023-08-15 15:30:00",303113,13.05,1.245,11.62,1,1.495,0.25
"2023-08-15 15:45:00",303114,13.18,1.243,11.66,1,1.493,0.25
"2023-08-15 16:00:00",303115,13.37,1.244,11.72,1,1.494,0.25
"2023-08-15 16:15:00",303116,13.36,1.245,11.79,1,1.495,0.25
"2023-08-15 16:30:00",303117,13.36,1.244,11.86,1,1.494,0.25
"2023-08-15 16:45:00",303118,13.35,1.242,11.93,1,1.491,0.25
"2023-08-15 17:00:00",303119,13.34,1.241,12,1,1.49,0.25
"2023-08-15 17:15:00",303120,13.33,1.242,12.07,1,1.492,0.25
"2023-08-15 17:30:00",303121,13.33,1.235,12.15,1,1.485,0.25
"2023-08-15 17:45:00",303122,13.2,1.243,12.2,1,1.493,0.25
"2023-08-15 18:00:00",303123,13.17,1.24,12.23,1,1.489,0.25
"2023-08-15 18:15:00",303124,13.01,1.236,12.23,1,1.486,0.25
"2023-08-15 18:30:00",303125,12.93,1.239,12.23,1,1.489,0.25
"2023-08-15 18:45:00",303126,12.87,1.24,12.23,1,1.49,0.25
"2023-08-15 19:00:00",303127,12.83,1.247,12.24,1,1.497,0.25
"2023-08-15 19:15:00",303128,12.8,1.246,12.25,1,1.496,0.25
"2023-08-15 19:30:00",303129,12.78,1.248,12.25,1,1.497,0.25
"2023-08-15 19:45:00",303130,12.76,1.244,12.24,1,1.494,0.25
"2023-08-15 20:00:00",303131,12.75,1.248,12.23,1,1.498,0.25
"2023-08-15 20:15:00",303132,12.73,1.243,12.21,1,1.493,0.25
"2023-08-15 20:30:00",303133,12.72,1.245,12.17,1,1.495,0.25
"2023-08-15 20:45:00",303134,12.7,1.246,12.12,1,1.496,0.25
"2023-08-15 21:00:00",303135,12.7,1.24,12.08,1,1.49,0.25
"2023-08-15 21:15:00",303136,12.69,1.245,12.04,1,1.495,0.25
"2023-08-15 21:30:00",303137,12.68,1.241,12,1,1.49,0.25
"2023-08-15 21:45:00",303138,12.67,1.248,11.95,1,1.498,0.25
"2023-08-15 22:00:00",303139,12.66,1.251,11.9,1,1.5,0.25
"2023-08-15 22:15:00",303140,12.65,1.249,11.84,1,1.499,0.25
"2023-08-15 22:30:00",303141,12.64,1.248,11.78,1,1.498,0.25
"2023-08-15 22:45:00",303142,12.64,1.249,11.72,1,1.498,0.25
"2023-08-15 23:00:00",303143,12.63,1.247,11.66,1,1.497,0.25
"2023-08-15 23:15:00",303144,12.62,1.246,11.6,1,1.496,0.25
"2023-08-15 23:30:00",303145,12.61,1.246,11.54,1,1.495,0.25
"2023-08-15 23:45:00",303146,12.61,1.245,11.47,1,1.494,0.25
"2023-08-16 00:00:00",303147,12.6,1.244,11.4,1,1.493,0.25
"2023-08-16 00:15:00",303148,12.59,1.243,11.33,1,1.492,0.25
"2023-08-16 00:30:00",303149,12.58,1.244,11.25,1,1.494,0.25
"2023-08-16 00:45:00",303150,12.58,1.239,11.17,1,1.489,0.25
"2023-08-16 01:00:00",303151,12.58,1.246,11.1,1,1.496,0.25
"2023-08-16 01:15:00",303152,12.56,1.245,11.03,1,1.495,0.25
"2023-08-16 01:30:00",303153,12.56,1.242,10.96,1,1.492,0.25
"2023-08-16 01:45:00",303154,12.56,1.242,10.9,1,1.492,0.25
"2023-08-16 02:00:00",303155,12.56,1.244,10.84,1,1.494,0.25
"2023-08-16 02:15:00",303156,12.55,1.241,10.78,1,1.49,0.25
"2023-08-16 02:30:00",303157,12.55,1.242,10.73,1,1.492,0.25
"2023-08-16 02:45:00",303158,12.55,1.241,10.68,1,1.491,0.25
"2023-08-16 03:00:00",303159,12.55,1.243,10.62,1,1.492,0.25
"2023-08-16 03:15:00",303160,12.54,1.241,10.58,1,1.491,0.25
"2023-08-16 03:30:00",303161,12.54,1.241,10.53,1,1.491,0.25
"2023-08-16 03:45:00",303162,12.54,1.242,10.48,1,1.491,0.25
"2023-08-16 04:00:00",303163,12.54,1.234,10.44,1,1.484,0.25
"2023-08-16 04:15:00",303164,12.54,1.24,10.39,1,1.489,0.25
"2023-08-16 04:30:00",303165,12.53,1.24,10.35,1,1.49,0.25
"2023-08-16 04:45:00",303166,12.53,1.242,10.31,1,1.492,0.25
"2023-08-16 05:00:00",303167,12.53,1.239,10.26,1,1.489,0.25
"2023-08-16 05:15:00",303168,12.53,1.237,10.22,1,1.487,0.25
"2023-08-16 05:30:00",303169,12.53,1.238,10.17,1,1.488,0.25
"2023-08-16 05:45:00",303170,12.53,1.239,10.13,1,1.489,0.25
"2023-08-16 06:00:00",303171,12.53,1.239,10.08,1,1.488,0.25
"2023-08-16 06:15:00",303172,12.53,1.236,10.03,1,1.485,0.25
"2023-08-16 06:30:00",303173,12.53,1.238,9.98,1,1.487,0.25
"2023-08-16 06:45:00",303174,12.52,1.239,9.93,1,1.489,0.25
"2023-08-16 07:00:00",303175,12.53,1.24,9.88,1,1.49,0.25
"2023-08-16 07:15:00",303176,12.52,1.236,9.84,1,1.485,0.25
"2023-08-16 07:30:00",303177,12.52,1.235,9.79,1,1.485,0.25
"2023-08-16 07:45:00",303178,12.52,1.236,9.75,1,1.486,0.25
"2023-08-16 08:00:00",303179,12.54,1.235,9.72,1,1.484,0.25
"2023-08-16 08:15:00",303180,12.56,1.234,9.69,1,1.483,0.25
"2023-08-16 08:30:00",303181,12.59,1.227,9.69,1,1.477,0.25
"2023-08-16 08:45:00",303182,12.64,1.233,9.69,1,1.483,0.25
"2023-08-16 09:00:00",303183,12.71,1.235,9.71,1,1.484,0.25
"2023-08-16 09:15:00",303184,12.79,1.234,9.75,1,1.484,0.25
"2023-08-16 09:30:00",303185,12.88,1.235,9.81,1,1.485,0.25
"2023-08-16 09:45:00",303186,12.94,1.231,9.89,1,1.48,0.25
"2023-08-16 10:00:00",303187,12.99,1.228,9.99,1,1.478,0.25
"2023-08-16 10:15:00",303188,13.11,1.236,10.09,1,1.486,0.25
"2023-08-16 10:30:00",303189,13.13,1.228,10.23,1,1.477,0.25
"2023-08-16 10:45:00",303190,13.12,1.231,10.34,1,1.481,0.25
"2023-08-16 11:00:00",303191,13.14,1.227,10.43,1,1.477,0.25
"2023-08-16 11:15:00",303192,13.31,1.23,10.57,1,1.479,0.25
"2023-08-16 11:30:00",303193,13.29,1.231,10.77,1,1.481,0.25
"2023-08-16 11:45:00",303194,13.31,1.225,10.97,1,1.475,0.25
"2023-08-16 12:00:00",303195,13.31,1.229,11.1,1,1.479,0.25
"2023-08-16 12:15:00",303196,13.21,1.224,11.29,1,1.474,0.25
"2023-08-16 12:30:00",303197,13.22,1.224,11.45,1,1.473,0.25
"2023-08-16 12:45:00",303198,13.21,1.223,11.55,1,1.472,0.25
"2023-08-16 13:00:00",303199,13.08,1.217,11.62,1,1.467,0.25
"2023-08-16 13:15:00",303200,13.31,1.22,11.69,1,1.47,0.25
"2023-08-16 13:30:00",303201,13.3,1.218,11.85,1,1.468,0.25
"2023-08-16 13:45:00",303202,13.29,1.218,12.18,1,1.468,0.25
"2023-08-16 14:00:00",303203,13.27,1.217,12.56,1,1.467,0.25
"2023-08-16 14:15:00",303204,13.07,1.213,12.85,1,1.463,0.25
